#	14085A_2_3_5_6_7_8_9_R_20180530
# Obs. time:	30-May-2018 23:31:38
# Duration:	157.4381
#=========================================================
# Per[s]	PerErr[s]	ADUerr	MAGerr	Points	Exp[s]	APD[s]	MedPD[s]	ModePD[s]	STDPD[s]
#110.76	0.005	462.8653	0.12782	805	2.0158	11.7491	4.8384	4.8384	98.563
#=========================================================
# Time	ADU	ADU_err	MAG	MAG_err

0	2	6970.61	454.709	15.3918	0.0708251	
9.6768	2	9186.65	460.536	15.0921	0.0544291	
24.2784	2	5301.8	452.44	15.6889	0.0926536	
29.1168	2	3954.69	445.769	16.0072	0.122383	
43.632	2	3669.25	446.55	16.0886	0.132135	
48.4704	2	3276.78	446.799	16.2114	0.148044	
53.3088	2	4005.66	451.319	15.9933	0.12233	
58.1472	2	5629.41	457.018	15.6238	0.0881445	
62.9856	2	6847.99	456.309	15.4111	0.072347	
67.824	2	8512.1	458.032	15.1749	0.058423	
72.6624	2	7529.93	456.134	15.308	0.0657697	
77.5008	2	6608.04	455.436	15.4498	0.0748305	
87.1776	2	5402.89	446.249	15.6684	0.0896759	
92.016	2	4450.5	446.733	15.879	0.108984	
96.9408	2	4033.14	448.236	15.9859	0.120667	
101.779	2	4443.62	461.279	15.8807	0.112707	
106.618	2	5616.74	450.227	15.6263	0.0870305	
111.456	2	6408.3	447.783	15.4831	0.0758664	
116.294	2	7900.19	454.271	15.2559	0.0624312	
125.971	2	8397.62	450.217	15.1896	0.058209	
130.81	2	6621.54	461.842	15.4476	0.0757283	
135.648	2	5297.12	454.204	15.6899	0.0930971	
145.411	2	2914.96	453.3	16.3384	0.168841	
150.25	2	2697.71	454.81	16.4225	0.183046	
155.088	2	3142.81	441.378	16.2567	0.152481	
164.765	2	5348.39	454.88	15.6794	0.0923417	
169.603	2	6301.09	449.056	15.5015	0.0773764	
174.442	2	7224.25	457.23	15.353	0.0687174	
179.28	2	8639.93	452.416	15.1587	0.0568529	
184.118	2	8043.22	453.245	15.2364	0.0611826	
193.882	2	5572.52	454.111	15.6349	0.0884779	
198.72	2	6009.79	449.677	15.5529	0.0812393	
203.558	2	4425.42	443.37	15.8851	0.108777	
208.397	2	3924.46	441.697	16.0156	0.122199	
213.235	2	5188.29	441.918	15.7124	0.0924787	
218.074	2	6262.16	449.4	15.5082	0.0779172	
222.912	2	6939.78	462.227	15.3966	0.072316	
227.75	2	7904.52	456.023	15.2553	0.0626377	
232.589	2	8548.11	447.59	15.1703	0.0568506	
237.427	2	8381.91	461.798	15.1916	0.0598182	
256.867	2	2556.5	437.762	16.4809	0.185916	
261.706	2	2348.82	449.281	16.5729	0.207679	
266.544	2	3621.64	435.007	16.1027	0.130411	
271.382	2	3558.05	443.075	16.122	0.135204	
276.221	2	5154.58	443.599	15.7195	0.0934377	
285.898	2	8255.88	448.596	15.2081	0.0589952	
295.661	2	7137.99	445.131	15.3661	0.0677073	
300.499	2	6104.67	449.701	15.5358	0.0799808	
305.338	2	5538.41	434.659	15.6415	0.0852093	
324.691	2	4941.22	437.472	15.7654	0.0961257	
329.616	2	6785.56	445.072	15.421	0.0712145	
334.368	2	7192.09	440.317	15.3579	0.0664713	
344.131	2	9706.88	448.753	15.0323	0.050194	
348.97	2	8087.5	443.182	15.2305	0.0594966	
353.808	2	6837.78	448.093	15.4127	0.0711503	
358.646	2	4622.84	438.408	15.8377	0.102966	
363.485	2	3802.25	435.523	16.0499	0.124364	
373.162	2	2941.58	441.87	16.3285	0.163094	
378	2	3215.23	434.161	16.232	0.14661	
382.838	2	4015.91	435.894	15.9905	0.117848	
387.677	2	4988.55	437.934	15.7551	0.0953144	
392.602	2	6686.64	439.939	15.437	0.0714346	
397.44	2	8295.33	452.865	15.2029	0.0592733	
402.278	2	8069.69	449.3	15.2329	0.0604511	
411.955	2	6780.57	442.05	15.4218	0.0707831	
421.632	2	5489.8	440.086	15.6511	0.0870372	
426.47	2	4549.72	433.328	15.855	0.103409	
431.309	2	4423.78	440.201	15.8855	0.108039	
436.147	2	5165.86	433.909	15.7171	0.091197	
440.986	2	6333.86	443.143	15.4958	0.0759626	
445.824	2	7021.44	454.367	15.3839	0.0702595	
450.662	2	7745.51	441.642	15.2774	0.0619077	
455.501	2	8814.08	442.766	15.1371	0.0545408	
465.178	2	5457.93	432.271	15.6574	0.0859909	
470.016	2	4179.91	439.563	15.9471	0.114177	
474.941	2	3498.22	429.928	16.1404	0.133436	
479.779	2	3141.83	436.239	16.257	0.150753	
489.456	2	2704.34	431.4	16.4198	0.173198	
494.294	2	2888.49	424.644	16.3483	0.159616	
499.219	2	3917.59	433.142	16.0175	0.120042	
504.058	2	4680.79	418.822	15.8242	0.0971482	
508.896	2	6707.74	433.913	15.4336	0.0702345	
513.734	2	7177.93	430.038	15.36	0.0650477	
518.573	2	6508.38	432.284	15.4663	0.0721142	
523.411	2	6045.85	429.75	15.5464	0.077176	
528.336	2	4964.93	426.171	15.7602	0.0931954	
538.013	2	4449.51	430.027	15.8792	0.104932	
542.851	2	4452.38	431.118	15.8785	0.10513	
547.69	2	5363.47	423.806	15.6764	0.0857916	
552.528	2	6121.07	425.529	15.5329	0.0754791	
557.366	2	6847.69	426	15.4111	0.0675444	
562.205	2	8011.62	437.78	15.2407	0.059328	
571.968	2	7101.69	434.911	15.3716	0.066491	
576.806	2	5474.82	429.721	15.6541	0.0852198	
586.483	2	2946.87	414.509	16.3266	0.15272	
591.322	2	2678.08	411.24	16.4304	0.166723	
596.16	2	3141.64	414.771	16.2571	0.143343	
600.998	2	3682.24	421.92	16.0847	0.124406	
605.837	2	3621.09	416.354	16.1029	0.124838	
610.762	2	5389	428.458	15.6712	0.0863225	
615.6	2	6576.53	420.975	15.455	0.0694999	
620.438	2	8110.99	422.712	15.2273	0.0565842	
625.277	2	7192.59	423.122	15.3578	0.0638711	
630.115	2	6003.38	422.235	15.554	0.076363	
634.954	2	5391.18	419.528	15.6708	0.0844892	
639.792	2	4926.49	416.379	15.7687	0.0917648	
649.555	2	4015.83	405.62	15.9906	0.109665	
654.394	2	4111.21	416.546	15.9651	0.110006	
659.232	2	4925.6	418.75	15.7689	0.0923039	
762.739	2.3	3922.66	418.957	16.016	0.115961	
767.837	2.3	4088.76	416.661	15.971	0.110641	
773.021	2.3	5367.57	427.435	15.6756	0.0864604	
778.205	2.3	5803.67	423.074	15.5907	0.0791476	
783.389	2.3	7158.03	425.905	15.363	0.0646016	
788.573	2.3	7883.75	424.975	15.2582	0.0585269	
793.67	2.3	5734.5	426.437	15.6038	0.080739	
800.755	2.3	3982.8	427.794	15.9995	0.116619	
805.853	2.3	3084.93	415.151	16.2769	0.146112	
816.221	2.3	2230.65	412.966	16.6289	0.201005	
821.318	2.3	2687.12	412.562	16.4268	0.166697	
826.502	2.3	3370.79	432.915	16.1807	0.139443	
831.686	2.3	4595.02	423.191	15.8443	0.0999939	
842.054	2.3	7462.95	430.737	15.3177	0.0626652	
847.152	2.3	7042.73	435.127	15.3806	0.067081	
857.52	2.3	5103.64	442.342	15.7303	0.0941028	
862.704	2.3	4117.39	432.78	15.9634	0.114122	
867.888	2.3	3793.05	434.439	16.0525	0.124355	
878.256	2.3	4284.08	426.433	15.9204	0.108073	
883.44	2.3	5832.52	441.572	15.5854	0.0821994	
888.538	2.3	6479.68	431.683	15.4711	0.0723329	
893.722	2.3	7041.86	434.733	15.3808	0.0670286	
898.906	2.3	8447.26	438.34	15.1832	0.0563404	
904.003	2.3	6644.38	435.048	15.4439	0.0710897	
909.187	2.3	5035.04	436.511	15.745	0.0941275	
919.555	2.3	2782.76	425.026	16.3888	0.16583	
924.739	2.3	2310.69	427.547	16.5906	0.200894	
929.837	2.3	2449.06	425.855	16.5275	0.188793	
935.021	2.3	2911.78	431.956	16.3396	0.161067	
940.205	2.3	4324.34	434.009	15.9102	0.108969	
945.389	2.3	5400.67	445.053	15.6689	0.0894724	
950.486	2.3	7142.51	437.874	15.3654	0.0665615	
955.67	2.3	7455.82	444.943	15.3188	0.0647937	
966.038	2.3	5677.86	442.679	15.6145	0.0846503	
971.136	2.3	4891.4	435.509	15.7764	0.0966693	
981.418	2.3	4047.55	438.764	15.982	0.117696	
986.602	2.3	4380.67	435.817	15.8961	0.108016	
991.786	2.3	5343.92	444.511	15.6804	0.0903124	
996.97	2.3	6204.91	445.26	15.5182	0.0779118	
1002.07	2.3	7317.41	441.73	15.3391	0.0655426	
1007.25	2.3	8439.87	448.604	15.1842	0.05771	
1017.71	2.3	6063.26	439.551	15.5432	0.0787095	
1022.8	2.3	4774.32	434.508	15.8027	0.0988123	
1022.8	2.3	4774.32	434.508	15.8027	0.0988123	
1033.17	2.3	2611.82	430.868	16.4576	0.179113	
1038.36	2.3	2600.93	435.369	16.4622	0.181741	
1043.54	2.3	3416.4	429.753	16.1661	0.136576	
1064.28	2.3	7891.62	453.094	15.2571	0.0623371	
1069.37	2.3	7485.27	452.546	15.3145	0.0656416	
1074.56	2.3	6022.68	445.046	15.5505	0.0802304	
1084.92	2.3	4440.74	446.098	15.8814	0.109068	
1090.11	2.3	5019.97	442.428	15.7482	0.0956897	
1100.48	2.3	4756.61	440.843	15.8068	0.100626	
1110.76	2.3	6944.97	445.727	15.3958	0.0696824	
1115.94	2.3	8104.77	452.012	15.2281	0.0605527	
1121.13	2.3	8190.89	451.373	15.2167	0.0598313	
1126.31	2.3	6707.53	444.834	15.4336	0.0720045	
1131.41	2.3	5049.47	442.578	15.7419	0.095163	
1136.59	2.3	3851.11	438.398	16.036	0.123597	
1146.87	2.3	2738.8	437.712	16.4061	0.173521	
1152.06	2.3	2910.76	430.081	16.34	0.160424	
1167.52	2.3	5968.8	447.141	15.5603	0.0813358	
1172.79	2.3	7655.22	453.055	15.2901	0.0642566	
1177.89	2.3	7540.61	444.141	15.3065	0.0639497	
1188.26	2.3	6231.7	441.843	15.5135	0.0769814	
1193.44	2.3	4405.38	444.49	15.89	0.109548	
1208.91	2.3	4666.02	439.444	15.8276	0.102254	
1214.09	2.3	5595.35	447.696	15.6304	0.086872	
1224.46	2.3	7834.97	443.712	15.2649	0.0614877	
1229.64	2.3	8500.03	449.636	15.1764	0.0574335	
1234.74	2.3	7197.98	439.472	15.357	0.0662895	
1239.93	2.3	5725.56	444.086	15.6055	0.084212	
1245.11	2.3	4073.24	437.659	15.9752	0.116659	
1250.29	2.3	3093.23	429.71	16.274	0.15083	
1255.48	2.3	2399.47	432.567	16.5497	0.195732	
1260.58	2.3	3001.76	438.361	16.3066	0.158555	
1265.76	2.3	3369.44	437.652	16.1811	0.141025	
1276.13	2.3	5380.25	443.432	15.673	0.0894847	
1281.31	2.3	7066.47	449.171	15.377	0.0690134	
1286.5	2.3	8074.45	455.369	15.2322	0.0612315	
1291.59	2.3	6989.65	442.793	15.3889	0.0687811	
1296.78	2.3	6117.54	440.891	15.5336	0.0782491	
1301.96	2.3	5225.16	440.135	15.7048	0.0914557	
1307.15	2.3	4842.46	438.201	15.7873	0.0982498	
1312.33	2.3	4231.42	428.904	15.9338	0.110052	
1317.51	2.3	4306.45	437.88	15.9147	0.110398	
1327.8	2.3	6167.55	442.312	15.5247	0.0778645	
1332.98	2.3	7266.42	447.717	15.3467	0.0668971	
1338.08	2.3	8414.02	453.977	15.1875	0.0585807	
1343.26	2.3	8021.91	445.069	15.2393	0.0602384	
1353.54	2.3	4900.51	445.486	15.7744	0.0987	
1358.73	2.3	4159	442.051	15.9525	0.115401	
1363.91	2.3	2733.66	435.391	16.4081	0.172925	
1369.09	2.3	2406.41	441.955	16.5466	0.199403	
1374.19	2.3	2712.26	438.09	16.4167	0.17537	
1379.38	2.3	3644.67	434.34	16.0959	0.129389	
1384.56	2.3	4423.13	435.361	15.8857	0.106867	
1389.74	2.3	5872.23	437.666	15.578	0.0809216	
1394.84	2.3	7244.07	440.055	15.35	0.0659551	
1400.03	2.3	7604.87	450.835	15.2973	0.0643651	
1405.21	2.3	6105.21	439.712	15.5357	0.0781974	
3181.85	2	4924.41	371.482	15.7691	0.0819044	
3186.78	2	4286.08	362.794	15.9198	0.0919017	
3191.62	2	3820.93	361.698	16.0446	0.102778	
3196.45	2	3385.6	353.692	16.1759	0.113426	
3201.29	2	3743.49	355.663	16.0668	0.103154	
3206.13	2	4479.25	364.949	15.872	0.0884607	
3211.06	2	5145.45	372.821	15.7214	0.0786685	
3215.89	2	6503.32	372.449	15.4672	0.0621808	
3220.73	2	7520.6	372.813	15.3094	0.0538224	
3225.57	2	7734.39	373.227	15.2789	0.0523927	
3235.33	2	4799.27	365.345	15.7971	0.0826519	
3240.17	2	3379.09	362.4	16.178	0.116443	
3245.01	2	2898.13	365.965	16.3447	0.137103	
3249.85	2	2268.08	353.544	16.6109	0.169243	
3254.69	2	2304.12	360.918	16.5937	0.17007	
3259.53	2	2745.47	363.575	16.4035	0.143781	
3264.45	2	3800.22	366.929	16.0505	0.104833	
3269.29	2	4635.16	369.215	15.8348	0.0864846	
3274.13	2	5910.91	362.434	15.5709	0.0665732	
3278.97	2	7083.04	376.276	15.3745	0.0576782	
3283.8	2	6584.36	369.594	15.4537	0.0609446	
3288.64	2	5564.71	367.294	15.6364	0.0716631	
3293.48	2	4663.48	374.538	15.8282	0.0871987	
3298.41	2	4495.11	370.667	15.8681	0.0895299	
3303.24	2	3824.77	358.758	16.0435	0.101841	
3308.08	2	3658.41	362.732	16.0918	0.107651	
3312.92	2	4256.09	366.743	15.9275	0.0935568	
3327.52	2	6496.05	369.54	15.4684	0.0617641	
3332.36	2	7720.83	369.788	15.2808	0.0520012	
3337.2	2	7173.54	375.926	15.3607	0.0568976	
3342.04	2	5728.17	370.734	15.605	0.0702703	
3346.96	2	4092.78	373.939	15.97	0.0991987	
3351.8	2	3380.53	372.312	16.1775	0.119577	
3356.64	2	2551.58	361.002	16.483	0.153612	
3361.48	2	2307.18	355.12	16.5923	0.167116	
3366.32	2	2475.13	357.116	16.516	0.156652	
3376.08	2	3942.75	362.649	16.0105	0.0998647	
3380.92	2	4660.43	363.51	15.8289	0.0846865	
3385.76	2	6365.42	369.412	15.4904	0.0630098	
3390.6	2	7077.82	379.197	15.3753	0.0581688	
3395.43	2	6331.47	373.536	15.4962	0.0640549	
3400.36	2	5290.9	361.368	15.6912	0.0741558	
3405.2	2	4986.35	365.553	15.7555	0.0795961	
3410.04	2	4047.8	373.863	15.982	0.100281	
3414.87	2	3912.74	369.509	16.0188	0.102534	
3419.8	2	3594.87	357.658	16.1108	0.108021	
3424.64	2	4103.56	360.213	15.9671	0.0953067	
3434.31	2	5492.12	366.566	15.6506	0.0724664	
3439.15	2	6320.35	364.567	15.4981	0.0626269	
3444.08	2	7565.1	370.013	15.303	0.0531039	
3453.75	2	5297.13	370.338	15.6899	0.0759071	
3458.59	2	3778.17	364.563	16.0568	0.104765	
3463.43	2	3117.4	367.569	16.2655	0.128018	
3468.36	2	2257.71	361.137	16.6158	0.173671	
3473.19	2	2593.09	365.989	16.4655	0.153241	
3478.03	2	2876.92	361.568	16.3527	0.136454	
3482.87	2	3323.7	360.919	16.1959	0.117899	
3492.55	2	5124.82	369.553	15.7258	0.0782931	
3497.39	2	6483.02	369.218	15.4706	0.0618344	
3502.31	2	7284.58	371.782	15.344	0.0554126	
3507.15	2	6105.32	375.56	15.5357	0.0667876	
3511.99	2	4828.51	373.569	15.7905	0.0840006	
3516.91	2	4717.42	362.529	15.8157	0.0834376	
3521.75	2	3799.92	359.216	16.0506	0.102637	
3526.59	2	4175.73	370.743	15.9482	0.0963973	
3531.43	2	3489.69	363.331	16.143	0.113042	
3536.35	2	4309.88	364.369	15.9138	0.091791	
3541.19	2	4976.69	370.522	15.7576	0.0808347	
3546.03	2	5790.53	365.82	15.5932	0.0685919	
3555.71	2	7893.1	373.353	15.2569	0.0513565	
3560.63	2	6503.91	374.974	15.4671	0.0625967	
3565.47	2	5387.36	367.451	15.6716	0.0740539	
3570.31	2	4134.3	362.505	15.959	0.0951999	
3575.15	2	3097.19	361.817	16.2726	0.126837	
3579.98	2	2497.68	354.642	16.5062	0.154162	
3584.91	2	2145.68	355.571	16.6711	0.179922	
3589.75	2	2681.63	357.334	16.429	0.144677	
3594.59	2	3518.75	362.461	16.134	0.11184	
3599.42	2	4222.61	359.276	15.936	0.0923786	
3604.26	2	5633.76	363.469	15.623	0.0700476	
3609.19	2	7193.84	368.633	15.3576	0.0556362	
3614.03	2	6861.89	365.772	15.4089	0.057875	
3618.86	2	5755.07	365.371	15.5999	0.0689298	
3623.7	2	5042.25	365.967	15.7434	0.0788028	
3628.63	2	4409.88	362.05	15.8889	0.0891387	
3633.47	2	3694.97	368.509	16.081	0.108284	
3638.3	2	3706.44	363.949	16.0776	0.106613	
3643.14	2	3570.1	360.05	16.1183	0.109498	
3647.98	2	4447.32	361.602	15.8798	0.0882789	
3652.91	2	5109.72	367.675	15.729	0.0781252	
3662.58	2	7114.74	370.037	15.3696	0.056469	
3667.42	2	7631.27	371.47	15.2935	0.0528507	
3672.35	2	6258.74	367.472	15.5088	0.0637474	
3677.18	2	4849.03	360.77	15.7859	0.0807793	
3682.02	2	3653.05	359.153	16.0934	0.106745	
3686.95	2	2905.24	358.917	16.342	0.134133	
3696.62	2	2079.68	363.636	16.705	0.189843	
3706.3	2	3503.79	359.858	16.1387	0.111511	
3711.14	2	4688.73	360.254	15.8224	0.0834215	
3716.06	2	5839.96	366.209	15.584	0.0680837	
3720.9	2	6827.48	374.542	15.4143	0.0595613	
3725.74	2	6513.85	367.093	15.4654	0.0611875	
3730.58	2	6022.02	366.226	15.5506	0.0660284	
3735.5	2	4939.53	360.392	15.7658	0.0792161	
3745.18	2	4044.35	362.108	15.9829	0.0972107	
3750.02	2	3640.81	357.175	16.097	0.106514	
3754.86	2	3963.94	352.193	16.0047	0.0964669	
3759.78	2	4450.59	361.376	15.879	0.0881591	
3764.62	2	5458.25	368.402	15.6574	0.0732813	
3769.46	2	5984.34	356.86	15.5575	0.0647449	
3774.38	2	7235.02	358.822	15.3514	0.0538473	
3779.22	2	7482.18	366.724	15.3149	0.0532151	
3784.06	2	6170.97	361.366	15.5241	0.0635797	
3788.9	2	4379.53	361.444	15.8964	0.0896061	
3793.82	2	3414.64	356.652	16.1666	0.113403	
3798.66	2	2826.66	353.378	16.3718	0.135735	
3813.26	2	2971.38	361.044	16.3176	0.131925	
3818.1	2	3995.67	363.739	15.996	0.0988382	
3855.6	2.3	3607.59	374.813	16.107	0.112803	
3860.78	2.3	3565.4	384.078	16.1197	0.11696	
3865.88	2.3	3901.57	377.354	16.0219	0.105011	
3871.07	2.3	4591.49	377.965	15.8451	0.0893762	
3876.25	2.3	5342.51	381.322	15.6806	0.0774945	
3881.43	2.3	6504.17	386.638	15.467	0.0645411	
3886.53	2.3	7422.62	390.768	15.3236	0.0571591	
3891.72	2.3	7216.7	382.898	15.3542	0.0576062	
3896.9	2.3	5586.3	384.529	15.6322	0.0747359	
3902	2.3	4326.33	378.2	15.9097	0.0949132	
3907.18	2.3	3109.93	372.402	16.2681	0.130013	
3917.55	2.3	2319.77	379.52	16.5864	0.177629	
3922.73	2.3	2862.72	374.385	16.3581	0.141992	
3938.2	2.3	5620.41	379.78	15.6256	0.0733648	
3948.57	2.3	6378.82	379.322	15.4881	0.0645643	
3958.85	2.3	4489	383.19	15.8696	0.0926805	
3964.03	2.3	4064.38	377.594	15.9775	0.100868	
3969.22	2.3	3808.82	374.772	16.048	0.106832	
3974.4	2.3	3689.8	372.043	16.0825	0.109475	
3979.5	2.3	3950.58	379.009	16.0083	0.104163	
3984.68	2.3	4934.52	382.005	15.7669	0.084052	
3989.87	2.3	5721.97	380.726	15.6061	0.0722422	
3995.05	2.3	6898.95	383.468	15.403	0.060349	
4000.23	2.3	7356.45	379.79	15.3333	0.056053	
4005.42	2.3	6090.15	380.01	15.5384	0.0677473	
4015.7	2.3	3220.65	367.61	16.2301	0.123928	
4020.88	2.3	2913.71	372.292	16.3389	0.138727	
4026.07	2.3	3316.44	367.82	16.1983	0.120417	
4031.25	2.3	2418.24	367.62	16.5413	0.165054	
4036.44	2.3	3329.54	367.294	16.194	0.119772	
4041.53	2.3	4008.84	371.381	15.9925	0.100583	
4051.81	2.3	6343.27	377.681	15.4942	0.0646452	
4057	2.3	6580.64	377.257	15.4543	0.0622435	
4067.37	2.3	4626.93	375.499	15.8368	0.0881131	
4072.55	2.3	4089.64	371.685	15.9708	0.0986766	
4077.73	2.3	3830.18	372.924	16.042	0.105712	
4082.83	2.3	3734.38	370.006	16.0695	0.107576	
4088.02	2.3	3928.87	373.357	16.0143	0.103176	
4093.2	2.3	4541.73	378.046	15.8569	0.0903748	
4098.38	2.3	5402.3	372.74	15.6686	0.074912	
4103.57	2.3	6416.5	378.721	15.4818	0.0640834	
4108.67	2.3	7379.21	380.993	15.33	0.0560572	
4113.85	2.3	6616.74	377.592	15.4484	0.0619587	
4119.03	2.3	5033.67	381.609	15.7453	0.0823109	
4124.13	2.3	3842.96	369.99	16.0383	0.104532	
4129.32	2.3	2875.73	368.934	16.3531	0.139292	
4134.5	2.3	2418.71	367.801	16.541	0.165102	
4139.68	2.3	2294.59	373.519	16.5982	0.176739	
4150.05	2.3	3631.61	368.604	16.0998	0.110201	
4155.24	2.3	4745.98	382.034	15.8092	0.0873979	
4160.33	2.3	6084.98	373.317	15.5394	0.0666105	
4165.52	2.3	6786.09	380.7	15.421	0.0609098	
4170.7	2.3	6109.29	382.054	15.535	0.0678983	
4175.88	2.3	5303.22	373.223	15.6887	0.0764104	
4181.07	2.3	4441.44	373.894	15.8812	0.0914005	
4186.25	2.3	3972.9	375.479	16.0022	0.102613	
4191.35	2.3	3750.58	372.931	16.0648	0.107958	
4196.53	2.3	3872	376.054	16.0302	0.105448	
4201.72	2.3	4068.85	374.15	15.9763	0.0998388	
4206.9	2.3	5167.22	375.931	15.7169	0.0789904	
4212.09	2.3	5895.75	378.287	15.5737	0.0696638	
4217.18	2.3	7054.89	377.642	15.3788	0.0581185	
4222.37	2.3	7083.7	379.492	15.3743	0.0581656	
4227.55	2.3	5939.74	383.894	15.5656	0.0701728	
4232.74	2.3	4196.66	376.269	15.9427	0.0973462	
4237.92	2.3	3064.04	369.075	16.2843	0.130781	
4243.02	2.3	2371.64	371.838	16.5624	0.170227	
4248.2	2.3	2151.55	365.665	16.6681	0.184525	
4258.57	2.3	3034.12	366.72	16.2949	0.131228	
4263.75	2.3	3965.86	372.12	16.0042	0.101876	
4268.94	2.3	5053.31	380.013	15.7411	0.0816484	
4274.12	2.3	6344.9	387.62	15.4939	0.0663294	
4279.22	2.3	6109.15	375.793	15.535	0.0667869	
4284.4	2.3	5259.62	375.259	15.6976	0.0774642	
4289.59	2.3	4401.58	376.629	15.891	0.0929029	
4294.68	2.3	4046.23	368.258	15.9824	0.0988158	
4299.87	2.3	3809.48	371.141	16.0478	0.105779	
4305.05	2.3	3735.9	369.37	16.069	0.107347	
4310.24	2.3	3553.56	375.449	16.1233	0.114713	
4315.42	2.3	4652.2	377.167	15.8309	0.0880238	
4320.52	2.3	5497.72	371.458	15.6495	0.0733587	
4325.7	2.3	6605.15	378.197	15.4503	0.0621669	
4330.89	2.3	7151.79	380.241	15.364	0.0577255	
4336.07	2.3	6168.39	372.438	15.5246	0.0655551	
4341.25	2.3	4624.39	369.519	15.8374	0.0867574	
4346.35	2.3	3527.87	370.594	16.1312	0.114054	
4351.54	2.3	2898.32	362.312	16.3446	0.135725	
4356.72	2.3	2403.98	357.387	16.5477	0.161411	
4361.9	2.3	2262.81	365.423	16.6134	0.175337	
4367.09	2.3	2825.55	358.441	16.3722	0.137733	
4372.27	2.3	3728.77	373.62	16.0711	0.10879	
4382.55	2.3	6123.43	376.584	15.5325	0.0667717	
4387.74	2.3	6888.19	380.359	15.4047	0.0599534	
4392.92	2.3	5685.24	375.922	15.6131	0.0717915	
4408.47	2.3	3989.83	372.406	15.9976	0.101341	
4413.57	2.3	3696.85	366.787	16.0804	0.107723	
4418.76	2.3	3870.17	372.282	16.0307	0.10444	
4423.85	2.3	4273.04	375.376	15.9232	0.0953793	
5985.79	2	5700.82	319.884	15.6102	0.0609227	
5990.63	2	6696.01	322.045	15.4355	0.0522185	
5995.47	2	6102.17	317.523	15.5363	0.0564957	
6000.31	2	4772.43	314.562	15.8032	0.0715634	
6005.23	2	3762.16	313.023	16.0614	0.0903365	
6010.07	2	3053.27	316.839	16.2881	0.112667	
6014.91	2	1858.25	311.327	16.8272	0.181902	
6019.83	2	2011.85	310.383	16.741	0.167505	
6024.67	2	2142.34	315.353	16.6728	0.15982	
6034.35	2	3637.06	314.36	16.0981	0.0938431	
6039.19	2	4514.69	314.223	15.8634	0.0755672	
6048.95	2	5919.05	325.494	15.5694	0.0597057	
6053.79	2	5781.87	325.05	15.5948	0.0610387	
6058.63	2	4624.64	318.612	15.8373	0.0748012	
6063.55	2	4013.44	316.754	15.9912	0.08569	
6068.39	2	3670.61	316.343	16.0882	0.0935716	
6073.23	2	3295.42	312.889	16.2052	0.103087	
6082.99	2	3442.15	316.866	16.1579	0.0999469	
6087.83	2	4047.7	312.117	15.982	0.0837207	
6092.67	2	4966.53	314.263	15.7599	0.0687013	
6097.51	2	6185.79	325.625	15.5215	0.0571541	
6102.35	2	7087.4	325.636	15.3738	0.049885	
6107.27	2	5999.42	328.16	15.5547	0.0593882	
6112.11	2	4424.42	318.601	15.8854	0.0781834	
6116.95	2	3496.32	317.137	16.141	0.0984828	
6121.87	2	2799.79	313.189	16.3822	0.121452	
6126.71	2	1919.49	308.266	16.792	0.174367	
6131.55	2	1919.97	310.821	16.7918	0.175768	
6136.39	2	1814.24	312.67	16.8533	0.187118	
6141.23	2	2509.66	322.426	16.501	0.139489	
6146.15	2	3263.06	315.32	16.2159	0.104918	
6150.99	2	4670.78	311.843	15.8265	0.0724888	
6155.83	2	5402.24	323.805	15.6686	0.065078	
6160.67	2	5617.7	330.801	15.6261	0.0639342	
6165.59	2	4623.08	319.258	15.8377	0.0749782	
6170.43	2	4194.24	314.711	15.9434	0.0814674	
6175.27	2	3699.56	312.456	16.0796	0.0916985	
6180.19	2	3401.69	313.103	16.1708	0.0999346	
6185.03	2	3185.07	313.2	16.2422	0.106765	
6189.87	2	3237.92	313.621	16.2243	0.105163	
6194.71	2	4028.33	326.083	15.9872	0.0878877	
6199.55	2	4456.81	314.188	15.8774	0.0765403	
6204.47	2	5028.17	321.811	15.7465	0.0694889	
6209.31	2	6203.47	321.238	15.5184	0.0562234	
6214.15	2	6656.01	324.736	15.442	0.0529714	
6219.07	2	5655.82	319.093	15.6188	0.0612555	
6223.91	2	4423.67	316.223	15.8855	0.0776131	
6228.75	2	3514.53	314.121	16.1353	0.0970407	
6233.67	2	2548.07	318.207	16.4845	0.135589	
6238.51	2	1848.81	309.42	16.8328	0.181711	
6243.35	2	1975.77	306.454	16.7607	0.168405	
6248.19	2	2338.66	307.236	16.5776	0.142636	
6253.11	2	3053.06	315.263	16.2882	0.112114	
6257.95	2	3813.58	315.461	16.0467	0.0898125	
6262.79	2	4823.3	319.196	15.7916	0.0718517	
6267.63	2	5929.94	322.234	15.5674	0.0589991	
6272.55	2	6037.39	316.43	15.5479	0.0569053	
6277.39	2	4850.13	313.334	15.7856	0.0701419	
6282.23	2	4459.67	314.756	15.8767	0.0766295	
6291.99	2	3669.66	316.986	16.0884	0.0937862	
6296.83	2	3373.35	307.234	16.1798	0.0988855	
6301.67	2	3376.27	312.334	16.1789	0.10044	
6306.6	2	3856.46	310.633	16.0345	0.0874548	
6311.43	2	4526.67	314.477	15.8606	0.0754285	
6316.27	2	5112.16	315.981	15.7285	0.0671091	
6321.11	2	6684.09	320.672	15.4374	0.0520887	
6326.04	2	6675.92	321.175	15.4387	0.0522341	
6330.87	2	5496.69	319.512	15.6497	0.0631117	
6335.71	2	4196.94	319.8	15.9427	0.0827313	
6340.64	2	3231.91	311.199	16.2264	0.104545	
6345.48	2	2691.52	307.704	16.425	0.124125	
6350.31	2	2015.29	307.309	16.7392	0.165563	
6355.24	2	2001.69	304.079	16.7465	0.164936	
6360.08	2	2549.8	308.472	16.4837	0.131351	
6364.92	2	3565.76	309.81	16.1196	0.0943338	
6369.75	2	4172.39	312.767	15.949	0.0813879	
6374.68	2	5335.73	321.1	15.682	0.0653388	
6384.36	2	5615.08	323.483	15.6266	0.0625488	
6389.19	2	4532.7	323.664	15.8591	0.0775285	
6394.12	2	4321.93	312.794	15.9108	0.0785787	
6398.96	2	3910.35	313.152	16.0195	0.0869489	
6403.88	2	3427.88	314.155	16.1624	0.0995043	
6408.72	2	3386.2	308.456	16.1757	0.0989019	
6413.56	2	3267.68	319.111	16.2144	0.10603	
6418.4	2	4180.96	315.524	15.9468	0.0819372	
6428.16	2	5919.88	324.786	15.5692	0.0595675	
6433	2	6766.24	322.49	15.4241	0.051748	
6442.76	2	4700.44	316.861	15.8197	0.0731904	
6447.6	2	3969.5	310.11	16.0032	0.0848211	
6452.44	2	2951.53	306.352	16.3249	0.112693	
6457.36	2	2312.02	304.563	16.59	0.143024	
6462.2	2	1963.44	300.733	16.7675	0.166298	
6467.04	2	2109.84	305.095	16.6894	0.157004	
6471.96	2	2802.75	307.559	16.381	0.119143	
6476.8	2	3720.19	308.491	16.0736	0.090033	
6481.64	2	4285.42	315.498	15.92	0.0799332	
6486.57	2	5790.19	315.162	15.5933	0.059097	
6491.4	2	6198.51	315.595	15.5193	0.0552798	
6496.24	2	5437.46	318.99	15.6615	0.0636949	
6501.17	2	4811.62	314.66	15.7943	0.0710028	
6506.01	2	4184.59	314.143	15.9459	0.0815078	
6515.77	2	3563.32	315.281	16.1204	0.0960652	
6520.61	2	3109.91	305.709	16.2681	0.10673	
6525.45	2	3497.12	314.88	16.1407	0.0977594	
6530.37	2	4106.54	316.345	15.9663	0.0836391	
6535.21	2	4876.41	320.066	15.7798	0.0712629	
6544.89	2	6789.67	319.498	15.4204	0.0510909	
6549.81	2	5876.62	316.056	15.5772	0.0583929	
6554.65	2	4433.6	312.593	15.8831	0.0765504	
6559.49	2	3559.19	312.496	16.1216	0.0953272	
6569.25	2	1843.15	308.199	16.8361	0.18155	
6574.09	2	1947.79	302.513	16.7761	0.168626	
6578.93	2	2275.18	309.136	16.6075	0.147523	
6583.85	2	2892.16	304.832	16.3469	0.114436	
6588.69	2	3665.29	308.293	16.0897	0.091323	
6593.53	2	4634.03	316.378	15.8351	0.0741263	
6598.37	2	5998.62	322.681	15.5549	0.0584045	
6603.29	2	6261.65	324.09	15.5083	0.0561955	
6608.13	2	5463.96	323.701	15.6562	0.0643222	
6612.97	2	4434.76	318.539	15.8828	0.0779861	
6617.89	2	3976.89	310.565	16.0011	0.0847878	
6622.73	2	3546.97	310.153	16.1254	0.0949386	
6627.57	2	3376.08	308.927	16.179	0.0993497	
6632.5	2	3398.01	311.954	16.1719	0.0996759	
6637.33	2	3537.03	310.125	16.1284	0.0951969	
6642.17	2	4327.61	312.17	15.9094	0.078319	
6647.1	2	4816.38	321.62	15.7932	0.0725014	
6651.94	2	5823.5	317.761	15.587	0.0592435	
6661.7	2	5778.24	324.671	15.5955	0.0610059	
6743.95	1.5	3078.18	275.203	16.2793	0.0970695	
6748.27	1.5	3589.69	272.085	16.1124	0.0822948	
6752.68	1.5	4307.26	278.883	15.9145	0.0702984	
6757	1.5	4598.75	274.495	15.8434	0.0648067	
6761.4	1.5	5523.33	283.332	15.6445	0.0556954	
6765.72	1.5	6515.31	278.932	15.4652	0.0464823	
6774.54	1.5	5033.21	281.227	15.7454	0.0606649	
6778.86	1.5	4093.87	272.798	15.9697	0.0723488	
6783.18	1.5	3286.61	272.973	16.2081	0.090177	
6787.58	1.5	2591.98	272.651	16.4659	0.114209	
6791.9	1.5	1981.67	275.403	16.7574	0.15089	
6796.22	1.5	2130.52	269.537	16.6788	0.137359	
6800.63	1.5	2290.45	273.477	16.6002	0.129636	
6804.95	1.5	2850.86	270.563	16.3626	0.103043	
6809.27	1.5	3426.31	273.159	16.1629	0.0865592	
6813.68	1.5	4205.78	274.897	15.9404	0.0709656	
6818	1.5	5123.33	279.327	15.7261	0.0591951	
6822.32	1.5	5909.93	282.856	15.571	0.0519646	
6826.72	1.5	5624.57	280.508	15.6248	0.0541477	
6831.04	1.5	4675.36	271.372	15.8255	0.0630193	
6835.36	1.5	4059.91	275.714	15.9787	0.0737338	
6839.77	1.5	3952.38	272.826	16.0079	0.0749465	
6844.09	1.5	3434.07	272.72	16.1605	0.0862249	
6848.41	1.5	3035.44	278.625	16.2944	0.0996605	
6852.82	1.5	3388.48	280.479	16.175	0.089871	
6857.14	1.5	3626.26	276.637	16.1014	0.0828277	
6861.54	1.5	4166.92	279.704	15.9505	0.07288	
6865.86	1.5	4777.85	277.804	15.8019	0.0631291	
6874.59	1.5	6426.89	286.125	15.48	0.0483369	
6878.91	1.5	6026.99	283.248	15.5497	0.051026	
6883.23	1.5	5725.24	276.943	15.6055	0.0525195	
6887.64	1.5	4490.13	282.045	15.8694	0.0681999	
6891.96	1.5	3772.95	275.02	16.0583	0.0791421	
6900.68	1.5	2063.48	263.264	16.7135	0.138521	
6905.09	1.5	1945.51	267.877	16.7774	0.149495	
6909.41	1.5	2120.53	270.282	16.6839	0.138388	
6913.81	1.5	2474.8	278.252	16.5162	0.122074	
6918.13	1.5	3257.21	276.422	16.2179	0.0921406	
6922.54	1.5	3898.95	274.646	16.0226	0.0764803	
6926.86	1.5	4735.74	277.159	15.8115	0.0635426	
6931.27	1.5	5919.7	281.381	15.5693	0.0516083	
6935.59	1.5	6125.87	285.283	15.5321	0.0505629	
6939.91	1.5	5232.68	280.294	15.7032	0.0581585	
6944.31	1.5	4300.4	276.012	15.9162	0.0696855	
6948.72	1.5	4041.97	276.696	15.9835	0.0743248	
6953.04	1.5	3771.31	273.7	16.0588	0.0787963	
6957.45	1.5	3548.06	272.68	16.125	0.0834421	
6961.77	1.5	3683.92	281.426	16.0842	0.0829429	
6966.17	1.5	3225.68	273.803	16.2284	0.0921598	
6970.49	1.5	3874.04	274.471	16.0296	0.0769232	
6974.81	1.5	4149.75	277.38	15.9549	0.0725734	
6979.13	1.5	4998.23	281.798	15.753	0.0612133	
6983.54	1.5	5701.35	277.613	15.6101	0.0528671	
6987.86	1.5	6572.18	288.103	15.4557	0.0475951	
6992.27	1.5	5806.6	282.197	15.5902	0.0527662	
6996.59	1.5	4632.88	278.634	15.8354	0.0652991	
7000.99	1.5	3793.08	276.594	16.0525	0.0791726	
7005.31	1.5	2703.41	272.803	16.4202	0.109563	
7009.72	1.5	2284.97	269.357	16.6028	0.127989	
7014.04	1.5	1726.45	267.844	16.9071	0.168443	
7018.36	1.5	1675.54	276.588	16.9396	0.179227	
7022.76	1.5	2026.46	270.122	16.7332	0.144726	
7027.08	1.5	2562.72	272.525	16.4782	0.115459	
7031.49	1.5	3281.8	274.195	16.2097	0.0907134	
7040.22	1.5	5659.85	282.389	15.618	0.0541711	
7044.54	1.5	6058.53	284.461	15.5441	0.0509776	
7048.94	1.5	5282.51	276.476	15.6929	0.0568251	
7053.26	1.5	4787.6	279.729	15.7997	0.0634371	
7057.67	1.5	4171.3	280.261	15.9493	0.0729484	
7061.99	1.5	3934.9	279.265	16.0127	0.077056	
7066.4	1.5	3441.23	280.07	16.1582	0.0883641	
7075.12	1.5	3406.06	282.196	16.1694	0.0899546	
7079.53	1.5	3486.59	275.088	16.144	0.0856636	
7083.85	1.5	3813.48	275.065	16.0467	0.0783139	
7088.26	1.5	4690.66	281.881	15.8219	0.0652465	
7092.58	1.5	5212.29	282.623	15.7074	0.0588713	
7096.9	1.5	6541.85	288.244	15.4607	0.0478392	
7101.3	1.5	6453.73	285.72	15.4755	0.0480678	
7105.62	1.5	5326.35	278.098	15.6839	0.0566883	
7109.94	1.5	4256.89	280.464	15.9273	0.0715335	
7114.35	1.5	3353.35	275.578	16.1863	0.0892257	
7118.67	1.5	2682.67	277.509	16.4286	0.112314	
7123.08	1.5	1981.74	274.808	16.7574	0.150558	
7127.4	1.5	1805.73	272.914	16.8584	0.164096	
7131.8	1.5	2104.87	275.233	16.6919	0.141971	
7136.12	1.5	2825.47	272.662	16.3723	0.104775	
7140.53	1.5	3301.65	278.792	16.2032	0.0916796	
7144.85	1.5	3976.63	277.918	16.0012	0.0758798	
7149.25	1.5	4827.26	283.508	15.7907	0.063766	
7153.57	1.5	5953.07	284.454	15.5631	0.0518795	
7157.98	1.5	5693.76	286.81	15.6115	0.0546914	
7162.3	1.5	5016.3	285.86	15.749	0.061872	
7166.71	1.5	4286.07	277.807	15.9199	0.0703732	
7171.03	1.5	3609.13	282.788	16.1065	0.0850711	
8677.58	2	1970.63	538.62	16.7635	0.296757	
8682.42	2	1790.37	544.326	16.8676	0.330096	
8687.26	2	2793.89	562.97	16.3845	0.218776	
8692.19	2	4360.15	551.277	15.9012	0.137275	
8697.02	2	4214.88	569.36	15.938	0.146665	
8701.86	2	5286.93	551.522	15.692	0.113262	
8706.79	2	5926.62	566.498	15.568	0.10378	
8711.63	2	4677.86	568.47	15.8249	0.131942	
8716.46	2	4223.14	577.261	15.9359	0.148409	
8721.39	2	3853.71	573.537	16.0353	0.161587	
8726.23	2	3653.07	567.663	16.0934	0.168716	
8735.99	2	3112.59	582.343	16.2672	0.203134	
8740.83	2	3920.41	576.59	16.0167	0.159683	
8745.67	2	4155.3	580.409	15.9535	0.151655	
8750.51	2	4367.47	583.738	15.8994	0.145115	
8755.34	2	5744.66	597.177	15.6018	0.112866	
8760.27	2	6594.61	599.996	15.452	0.0987834	
8765.11	2	5350.46	601.713	15.679	0.122102	
8774.87	2	3086.36	589.955	16.2764	0.207538	
8779.71	2	2659.61	594.418	16.438	0.24266	
8784.55	2	2035.17	599.773	16.7285	0.319972	
8789.47	2	2272.83	611.345	16.6086	0.292041	
8794.31	2	2423.87	603.622	16.5387	0.270383	
8799.15	2	2892.25	599.252	16.3469	0.224956	
8804.07	2	3691.56	623.027	16.082	0.18324	
8808.91	2	5173.84	622.119	15.7155	0.130552	
8813.75	2	6106.4	610.994	15.5355	0.108637	
8818.59	2	6082.81	622.568	15.5397	0.111124	
8823.51	2	4518.5	622.323	15.8625	0.149536	
8828.35	2	3800.51	623.871	16.0504	0.178228	
8833.19	2	3716.39	640.267	16.0747	0.187053	
8838.12	2	3585.64	634.069	16.1136	0.191997	
8842.95	2	3766.73	628.29	16.0601	0.181101	
8847.79	2	2724.3	628.94	16.4119	0.250656	
8852.72	2	3574.15	647.775	16.1171	0.196778	
8857.56	2	3973.11	649.225	16.0022	0.177415	
8862.39	2	4831.92	655.891	15.7897	0.147379	
8867.32	2	6040.05	654.654	15.5474	0.117678	
8872.16	2	6130.4	638.524	15.5313	0.113087	
8877	2	5228.87	666.897	15.704	0.138476	
8881.92	2	4323.75	661.853	15.9103	0.166198	
8886.76	2	3501.26	658.465	16.1394	0.204189	
8896.52	2	2108.81	669.488	16.6899	0.34469	
8901.36	2	2219.25	672.54	16.6345	0.329031	
8906.28	2	3120.03	681.738	16.2646	0.237237	
8911.12	2	2996.78	692.861	16.3084	0.251024	
8915.96	2	3784.94	692.975	16.0549	0.198785	
8920.8	2	4639.58	692.158	15.8338	0.161976	
8925.64	2	5880.44	703.019	15.5765	0.129802	
8930.56	2	6055.77	699.377	15.5446	0.125391	
8935.4	2	4478.43	696.962	15.8722	0.168969	
8940.24	2	3858.23	691.356	16.034	0.194553	
8945.16	2	3600.87	701.969	16.109	0.211658	
8950	2	3215.25	720.262	16.232	0.24322	
8954.84	2	3079.83	716.085	16.2787	0.252442	
8959.77	2	3222.4	728.787	16.2296	0.245553	
8964.6	2	4158.01	719.455	15.9528	0.187864	
8969.44	2	3888.76	731.075	16.0255	0.204115	
8974.37	2	5016.32	731.105	15.749	0.158241	
8979.21	2	5737.6	740.847	15.6032	0.140192	
8984.04	2	6285.49	739.628	15.5042	0.127761	
8988.88	2	4598.5	747.948	15.8435	0.176595	
8993.81	2	4139.22	754.436	15.9577	0.197892	
8998.65	2	3127.25	758.362	16.2621	0.263293	
9003.48	2	2475.42	747.206	16.5159	0.32773	
9008.32	2	1571.39	767.604	17.0093	0.53037	
9013.25	2	1843.12	760.874	16.8361	0.448212	
9018.09	2	2505.8	760.102	16.5026	0.329344	
9023.01	2	3768.48	782.997	16.0596	0.225589	
9027.85	2	3686.04	778.102	16.0836	0.229193	
9032.69	2	5332.27	775.615	15.6827	0.157928	
9037.61	2	5307.24	779.015	15.6878	0.159368	
9042.45	2	5840.71	790.54	15.5838	0.146954	
9047.29	2	3909.21	787.291	16.0198	0.218661	
9052.13	2	3475.95	794.272	16.1473	0.248096	
9057.05	2	3508.46	800.506	16.1372	0.247727	
9061.89	2	3365.33	806.586	16.1824	0.260224	
9066.73	2	2499.07	810.834	16.5056	0.352271	
9071.57	2	2830.5	813.025	16.3703	0.311864	
9076.49	2	3206.61	819.023	16.2349	0.277315	
9081.33	2	4106.95	841.08	15.9662	0.222353	
9086.17	2	4603.56	830.724	15.8423	0.195924	
9091.09	2	5696.75	839.252	15.6109	0.159952	
9095.93	2	5378.28	834.999	15.6734	0.168565	
9100.77	2	4577.31	845.907	15.8485	0.200649	
9105.61	2	4145.28	864.366	15.9561	0.226395	
9110.53	2	2885.58	863.24	16.3494	0.324805	
9115.37	2	2276.04	854.269	16.6071	0.407512	
9120.21	2	2117.87	860.8	16.6853	0.441293	
9125.14	2	1729.2	861.813	16.9054	0.541119	
9129.97	2	2517.75	883.139	16.4975	0.380838	
9134.81	2	4677.05	871.171	15.8251	0.202234	
9139.74	2	4169.3	901.763	15.9498	0.23483	
9144.58	2	5290.93	906.439	15.6912	0.186008	
9149.41	2	6322.2	894.226	15.4978	0.153569	
9154.34	2	5323.16	917.879	15.6846	0.187215	
9159.18	2	4173.55	928.034	15.9487	0.241425	
9164.02	2	4008.64	930.32	15.9925	0.251976	
9168.85	2	3200.58	932.699	16.2369	0.316401	
9173.78	2	3539.2	941.817	16.1277	0.288926	
9178.62	2	3082.25	942.248	16.2778	0.331911	
9183.54	2	3712.35	937.137	16.0759	0.274081	
9188.38	2	4168.85	945.187	15.95	0.246164	
9193.22	2	4588.99	942.733	15.8457	0.223047	
9198.14	2	5073.99	953.29	15.7366	0.203986	
9202.98	2	5767.42	973.559	15.5975	0.183276	
9207.82	2	5653.42	981.482	15.6192	0.188493	
9212.75	2	4535	948.033	15.8586	0.226971	
9217.58	2	3223.53	965.6	16.2292	0.32523	
9222.51	2	2193.58	986.617	16.6471	0.488336	
9227.35	2	2298.89	985.26	16.5962	0.465325	
9232.19	2	1516.56	994.645	17.0479	0.712088	
9237.11	2	1695.42	999.262	16.9268	0.639919	
9241.95	2	2967.56	1018.74	16.319	0.372727	
9246.87	2	4104.27	1034.38	15.9669	0.273634	
9251.71	2	4433.79	1015.94	15.8831	0.248781	
9256.55	2	5805.3	1029	15.5904	0.192449	
9261.39	2	5696.69	1048.26	15.6109	0.199789	
9266.31	2	4730.74	1039.13	15.8127	0.238486	
9271.15	2	4987.42	1058.56	15.7553	0.230443	
9275.99	2	3929.04	1075.82	16.0143	0.297288	
9280.92	2	3788.82	1062.5	16.0537	0.304472	
9285.75	2	3684.81	1052.08	16.084	0.309996	
9290.59	2	3553.94	1080.51	16.1232	0.330098	
9295.43	2	2695.81	1089.58	16.4233	0.438829	
9300.27	2	3842.66	1098.09	16.0384	0.310262	
9305.19	2	4785.83	1083.35	15.8001	0.245774	
9310.03	2	5700.36	1099.63	15.6102	0.209445	
9314.96	2	5815.06	1140.93	15.5886	0.213025	
9319.8	2	5178.1	1121.72	15.7146	0.235201	
9324.63	2	3575.28	1118.01	16.1167	0.339517	
9329.56	2	3536.48	1151.19	16.1286	0.353426	
9334.4	2	1855.8	1114.54	16.8287	0.652064	
9339.32	2	1837.97	1158.13	16.8392	0.684133	
9344.16	2	1387.54	1149.07	17.1444	0.899135	
9349	2	1826.94	1140.87	16.8457	0.678011	
9353.84	2	3153.93	1169.92	16.2529	0.402744	
9358.68	2	3949.98	1176.98	16.0085	0.323519	
9363.6	2	4998.03	1204.62	15.753	0.261683	
9368.44	2	5073.77	1177.47	15.7367	0.251968	
9373.28	2	5562.54	1219.46	15.6368	0.238023	
9378.2	2	3799.68	1202.95	16.0506	0.343736	
9383.04	2	3741.75	1204.06	16.0673	0.34938	
9387.88	2	1992.52	1252.54	16.7515	0.682517	
9392.8	2	2572.41	1239.19	16.4741	0.523022	
9397.64	2	2877.95	1234.05	16.3523	0.46556	
9402.48	2	3530.69	1272.08	16.1304	0.391183	
9407.4	2	3078.03	1244.99	16.2793	0.439156	
9412.24	2	4291.66	1271.21	15.9184	0.321599	
9417.08	2	5283.18	1290.46	15.6928	0.265201	
9422.01	2	6303.75	1294.76	15.501	0.223005	
9426.84	2	5606.53	1297.58	15.6283	0.251284	
9431.68	2	5163.61	1302.49	15.7176	0.273871	
9436.52	2	4133.69	1308.57	15.9592	0.343703	
9441.45	2	3609.75	1334.79	16.1063	0.401476	
9446.28	2	2644.49	1341	16.4441	0.550568	
